a=[0.433400000000000 0.433900000000000 0.434300000000000 0.434700000000000 0.435200000000000 0.435600000000000 0.436000000000000 0.436500000000000 0.436900000000000 0.437300000000000 0.437700000000000 0.438200000000000 0.438600000000000 0.439000000000000 0.439400000000000 0.439800000000000 0.440200000000000 0.440700000000000 0.441100000000000 0.441500000000000 0.441900000000000 0.442300000000000 0.442700000000000 0.443100000000000 0.443500000000000 0.443900000000000 0.444300000000000 0.444700000000000 0.445100000000000 0.445500000000000 0.445900000000000 0.446300000000000 0.446700000000000 0.447100000000000 0.447500000000000 0.447900000000000 0.448200000000000 0.448600000000000 0.449000000000000 0.449400000000000 0.449800000000000 0.450200000000000 0.450500000000000 0.450900000000000 0.451300000000000 0.451700000000000 0.452000000000000 0.452400000000000 0.452800000000000 0.453200000000000 0.453500000000000 0.453900000000000 0.454300000000000 0.454600000000000 0.455000000000000 0.455300000000000 0.455700000000000 0.456100000000000 0.456400000000000 0.456800000000000 0.457100000000000 0.457500000000000 0.457800000000000 0.458200000000000 0.458500000000000 0.458900000000000 0.459200000000000 0.459600000000000 0.459900000000000 0.460300000000000 0.460600000000000 0.460900000000000 0.461300000000000 0.461600000000000 0.461900000000000 0.462300000000000 0.462600000000000 0.462900000000000 0.463300000000000 0.463600000000000 0.463900000000000 0.464200000000000 0.464600000000000 0.464900000000000 0.465200000000000 0.465500000000000 0.465800000000000 0.466200000000000 0.466500000000000 0.466800000000000 0.467100000000000 0.467400000000000 0.467700000000000 0.468000000000000 0.468300000000000 0.468600000000000 0.468900000000000 0.469200000000000 0.469500000000000 0.469800000000000 0.470100000000000 0.470400000000000 0.470700000000000 0.471000000000000 0.471300000000000 0.471600000000000 0.471900000000000 0.472200000000000 0.472500000000000 0.472800000000000 0.473000000000000 0.473300000000000 0.473600000000000 0.473900000000000 0.474200000000000 0.474400000000000 0.474700000000000 0.475000000000000 0.475300000000000 0.475500000000000 0.475800000000000 0.476100000000000 0.476300000000000 0.476600000000000 0.476900000000000 0.477100000000000 0.477400000000000 0.477600000000000 0.477900000000000 0.478200000000000 0.478400000000000 0.478700000000000 0.478900000000000 0.479200000000000 0.479400000000000 0.479700000000000 0.479900000000000 0.480100000000000 0.480400000000000 0.480600000000000 0.480900000000000 0.481100000000000 0.481300000000000 0.481600000000000 0.481800000000000 0.482000000000000 0.482300000000000 0.482500000000000 0.482700000000000 0.483000000000000 0.483200000000000 0.483400000000000 0.483600000000000 0.483900000000000 0.484100000000000 0.484300000000000 0.484500000000000 0.484700000000000 0.484900000000000 0.485100000000000 0.485400000000000 0.485600000000000 0.485800000000000 0.486000000000000 0.486200000000000 0.486400000000000 0.486600000000000 0.486800000000000 0.487000000000000 0.487200000000000 0.487400000000000 0.487600000000000 0.487800000000000 0.488000000000000 0.488100000000000 0.488300000000000 0.488500000000000 0.488700000000000 0.488900000000000 0.489100000000000 0.489300000000000 0.489400000000000 0.489600000000000 0.489800000000000 0.490000000000000 0.490100000000000 0.490300000000000 0.490500000000000 0.490600000000000 0.490800000000000 0.491000000000000 0.491100000000000 0.491300000000000 0.491500000000000 0.491600000000000 0.491800000000000 0.491900000000000 0.492100000000000 0.492300000000000 0.492400000000000 0.492600000000000 0.492700000000000 0.492900000000000 0.493000000000000 0.493100000000000 0.493300000000000 0.493400000000000 0.493600000000000 0.493700000000000 0.493800000000000 0.494000000000000 0.494100000000000 0.494200000000000 0.494400000000000 0.494500000000000 0.494600000000000 0.494800000000000 0.494900000000000 0.495000000000000 0.495100000000000 0.495300000000000 0.495400000000000 0.495500000000000 0.495600000000000 0.495700000000000 0.495800000000000 0.495900000000000 0.496100000000000 0.496200000000000 0.496300000000000 0.496400000000000 0.496500000000000 0.496600000000000 0.496700000000000 0.496800000000000 0.496900000000000 0.497000000000000 0.497100000000000 0.497200000000000 0.497300000000000 0.497400000000000 0.497400000000000 0.497500000000000 0.497600000000000 0.497700000000000 0.497800000000000 0.497900000000000 0.497900000000000 0.498000000000000 0.498100000000000 0.498200000000000 0.498200000000000 0.498300000000000 0.498400000000000 0.498500000000000 0.498500000000000 0.498600000000000 0.498700000000000 0.498700000000000 0.498800000000000 0.498800000000000 0.498900000000000 0.499000000000000 0.499000000000000 0.499100000000000 0.499100000000000 0.499200000000000 0.499200000000000 0.499300000000000 0.499300000000000 0.499400000000000 0.499400000000000 0.499400000000000 0.499500000000000 0.499500000000000 0.499600000000000 0.499600000000000 0.499600000000000 0.499700000000000 0.499700000000000 0.499700000000000 0.499800000000000 0.499800000000000 0.499800000000000 0.499800000000000 0.499900000000000 0.499900000000000 0.499900000000000 0.499900000000000 0.499900000000000 0.499900000000000 0.500000000000000 0.500000000000000 0.500000000000000 0.500000000000000 0.500000000000000 0.500000000000000 0.500000000000000 0.500000000000000 0.500000000000000 0.500000000000000 0.500000000000000 0.500000000000000 0.500000000000000 0.500000000000000 0.500000000000000 0.500000000000000 0.500000000000000 0.499900000000000 0.499900000000000 0.499900000000000 0.499900000000000 0.499900000000000 0.499900000000000 0.499800000000000 0.499800000000000 0.499800000000000 0.499800000000000 0.499700000000000 0.499700000000000 0.499700000000000 0.499600000000000 0.499600000000000 0.499600000000000 0.499500000000000 0.499500000000000 0.499400000000000 0.499400000000000 0.499400000000000 0.499300000000000 0.499300000000000 0.499200000000000 0.499200000000000 0.499100000000000 0.499100000000000 0.499000000000000 0.499000000000000 0.498900000000000 0.498800000000000 0.498800000000000 0.498700000000000 0.498700000000000 0.498600000000000 0.498500000000000 0.498500000000000 0.498400000000000 0.498300000000000 0.498200000000000 0.498200000000000 0.498100000000000 0.498000000000000 0.497900000000000 0.497900000000000 0.497800000000000 0.497700000000000 0.497600000000000 0.497500000000000 0.497400000000000 0.497400000000000 0.497300000000000 0.497200000000000 0.497100000000000 0.497000000000000 0.496900000000000 0.496800000000000 0.496700000000000 0.496600000000000 0.496500000000000 0.496400000000000 0.496300000000000 0.496200000000000 0.496100000000000 0.495900000000000 0.495800000000000 0.495700000000000 0.495600000000000 0.495500000000000 0.495400000000000 0.495300000000000 0.495100000000000 0.495000000000000 0.494900000000000 0.494800000000000 0.494600000000000 0.494500000000000 0.494400000000000 0.494200000000000 0.494100000000000 0.494000000000000 0.493800000000000 0.493700000000000 0.493600000000000 0.493400000000000 0.493300000000000 0.493100000000000 0.493000000000000 0.492900000000000 0.492700000000000 0.492600000000000 0.492400000000000 0.492300000000000 0.492100000000000 0.491900000000000 0.491800000000000 0.491600000000000 0.491500000000000 0.491300000000000 0.491100000000000 0.491000000000000 0.490800000000000 0.490600000000000 0.490500000000000 0.490300000000000 0.490100000000000 0.490000000000000 0.489800000000000 0.489600000000000 0.489400000000000 0.489300000000000 0.489100000000000 0.488900000000000 0.488700000000000 0.488500000000000 0.488300000000000 0.488100000000000 0.488000000000000 0.487800000000000 0.487600000000000 0.487400000000000 0.487200000000000 0.487000000000000 0.486800000000000 0.486600000000000 0.486400000000000 0.486200000000000 0.486000000000000 0.485800000000000 0.485600000000000 0.485400000000000 0.485100000000000 0.484900000000000 0.484700000000000 0.484500000000000 0.484300000000000 